%YAML:1.0

image_height: 720
image_width: 1280

# stereo baseline times fx
bf: 80.1232260609809

# stereo rectification
LEFT.D: !!opencv-matrix
   rows: 1
   cols: 5
   dt: d
   data: [-0.0628467591595068,0.0491382538334570,0.00112196855181199,0.000744030749014093,0.000947936928892061]
LEFT.K: !!opencv-matrix
   rows: 3
   cols: 3
   dt: d
   data: [743.493871793412,0,633.280216104479,0,743.423649127944,380.119912744730, 0, 0, 1]
LEFT.R:  !!opencv-matrix
   rows: 3
   cols: 3
   dt: d
   data: [0.999884415398743,-0.0149030743028204,0.00300902293739617, 0.0149092375209666,0.999886777630931,-0.00203630925344982,-0.00297833498058292,0.00208093612513642,0.999993399591011]
LEFT.T:  !!opencv-matrix
   rows: 3
   cols: 1
   dt: d
   data: [80.1232260609809,0.399563533888565,0.676016401950665]

RIGHT.D: !!opencv-matrix
   rows: 1
   cols: 5
   dt: d
   data: [-0.0576065827125907,0.0229201502137042,-0.000267553780304770,-0.000668078329939534,0.0293994545573261]
RIGHT.K: !!opencv-matrix
   rows: 3
   cols: 3
   dt: d
   data: [746.179314456206,0,660.046245458875,0,746.246602657453,353.852029592213, 0, 0, 1]
RIGHT.R:  !!opencv-matrix
   rows: 3
   cols: 3
   dt: d
   data: [0.999884415398743,-0.0149030743028204,0.00300902293739617, 0.0149092375209666,0.999886777630931,-0.00203630925344982,-0.00297833498058292,0.00208093612513642,0.999993399591011]
RIGHT.T:  !!opencv-matrix
   rows: 3
   cols: 1
   dt: d
   data: [80.1232260609809,0.399563533888565,0.676016401950665]
